[gd_scene load_steps=12 format=3 uid="uid://c65uqhkycx504"]

[ext_resource type="Script" path="res://player/player.gd" id="1_kly4h"]
[ext_resource type="Script" path="res://player/smooth_camera_arm.gd" id="2_a14m4"]
[ext_resource type="PackedScene" uid="uid://btnw4i1q6w0nr" path="res://player/health_component.tscn" id="2_c86bi"]
[ext_resource type="Script" path="res://resources/character_stats.gd" id="2_v2v1l"]
[ext_resource type="PackedScene" uid="uid://brkes6oa2ksbn" path="res://player/rig.tscn" id="3_fah68"]
[ext_resource type="PackedScene" uid="uid://ban384vkt3irv" path="res://player/dash.tscn" id="3_q5n1i"]
[ext_resource type="Script" path="res://player/attack_raycast.gd" id="4_x82k4"]
[ext_resource type="PackedScene" uid="uid://be03ygq05v3r8" path="res://player/area_attack.tscn" id="6_ti7tt"]
[ext_resource type="PackedScene" uid="uid://b46jku7r77fry" path="res://UserInterface/user_interface.tscn" id="9_478bf"]

[sub_resource type="Resource" id="Resource_1axcj"]
script = ExtResource("2_v2v1l")

[sub_resource type="CapsuleShape3D" id="CapsuleShape3D_qvtay"]

[node name="Player" type="CharacterBody3D" groups=["Player"]]
collision_layer = 5
script = ExtResource("1_kly4h")
stats = SubResource("Resource_1axcj")

[node name="HealthComponent" parent="." node_paths=PackedStringArray("body") instance=ExtResource("2_c86bi")]
body = NodePath("..")

[node name="CollisionShape3D" type="CollisionShape3D" parent="."]
shape = SubResource("CapsuleShape3D_qvtay")

[node name="SmoothCameraArm" type="SpringArm3D" parent="." node_paths=PackedStringArray("target")]
transform = Transform3D(1, 0, 0, 0, 0.906308, 0.422618, 0, -0.422618, 0.906308, 0, 0, 0)
spring_length = 4.0
script = ExtResource("2_a14m4")
target = NodePath("../HorizontalPivot/VerticalPivot")

[node name="Camera3D" type="Camera3D" parent="SmoothCameraArm"]

[node name="HorizontalPivot" type="Node3D" parent="."]

[node name="VerticalPivot" type="Node3D" parent="HorizontalPivot"]

[node name="RigPivot" type="Node3D" parent="."]

[node name="Rig" parent="RigPivot" instance=ExtResource("3_fah68")]
transform = Transform3D(1, 0, 0, 0, 1, 0, 0, 0, 1, 0, -1, 0)

[node name="Skeleton3D" parent="RigPivot/Rig/CharacterRig/GameRig" index="0"]
bones/0/position = Vector3(1.40978e-14, 0.902779, -0.0481735)
bones/2/rotation = Quaternion(0.00185206, -0.000356214, 0.00321335, 0.999993)
bones/3/rotation = Quaternion(-0.0931301, -0.000336375, 0.00852219, 0.995618)
bones/4/rotation = Quaternion(0.274058, 1.49582e-08, 9.1469e-08, 0.961713)
bones/6/rotation = Quaternion(-0.159957, -1.17571e-07, -1.97013e-08, 0.987124)
bones/7/position = Vector3(-4.59015e-08, 0.902779, -0.0481735)
bones/8/position = Vector3(-6.45703e-08, 0.902779, -0.0481735)
bones/9/position = Vector3(0.131144, 0.968983, -0.0351291)
bones/9/rotation = Quaternion(0.993532, 0.0206174, -0.03107, 0.107254)
bones/11/rotation = Quaternion(0.41043, -0.000699082, 0.000314794, 0.911892)
bones/13/rotation = Quaternion(-0.74737, 0.0118699, 0.0243855, 0.663855)
bones/15/position = Vector3(-0.131144, 0.968983, -0.0351291)
bones/15/rotation = Quaternion(0.974257, -0.00558093, 0.0274619, 0.223693)
bones/17/rotation = Quaternion(0.435184, 0.00323799, -0.00156537, 0.900334)
bones/19/rotation = Quaternion(-0.684221, -0.0281714, -0.00101775, 0.72873)
bones/21/position = Vector3(0.0251286, 1.43271, 0.0444986)
bones/21/rotation = Quaternion(-0.483163, -0.262177, -0.407461, 0.729241)
bones/22/position = Vector3(0.189848, 1.47051, -0.0177526)
bones/22/rotation = Quaternion(0.0373152, -0.161608, 0.975002, -0.147853)
bones/23/rotation = Quaternion(8.80575e-08, -0.0261654, 3.30922e-08, 0.999658)
bones/24/rotation = Quaternion(0.322349, -0.0261873, -0.0200062, 0.946047)
bones/46/position = Vector3(-0.0113635, 1.43271, 0.0444986)
bones/46/rotation = Quaternion(-0.4939, 0.239659, 0.392335, 0.738038)
bones/47/position = Vector3(-0.171921, 1.47104, -0.0275222)
bones/47/rotation = Quaternion(-0.0475145, -0.14159, 0.974956, 0.164789)
bones/48/rotation = Quaternion(4.32802e-08, 0.0323999, 3.26477e-08, 0.999475)
bones/49/rotation = Quaternion(0.358713, 0.0324007, 0.0288801, 0.932438)
bones/71/position = Vector3(0.127191, 1.35226, -0.02553)
bones/71/rotation = Quaternion(1.97489e-08, 0.60662, 0.794992, -4.61758e-08)
bones/72/position = Vector3(-0.113426, 1.35226, -0.0255301)
bones/72/rotation = Quaternion(1.9749e-08, 0.60662, 0.794992, -4.61757e-08)

[node name="AnimationTree" parent="RigPivot/Rig" index="1"]
parameters/MoveSpace/blend_position = -1.06245

[node name="RightHandBone" parent="RigPivot/Rig" index="2"]
transform = Transform3D(-0.96234, -0.270814, -0.0237024, 0.232852, -0.866147, 0.442231, -0.140292, 0.420058, 0.896588, -0.34574, 0.995563, -0.00313595)

[node name="LeftHandBone" parent="RigPivot/Rig" index="3"]
transform = Transform3D(-0.970514, 0.239104, 0.0305103, -0.216297, -0.919737, 0.327566, 0.106384, 0.311309, 0.944335, 0.346658, 0.981069, -0.0301966)

[node name="RayAttatchment" type="BoneAttachment3D" parent="RigPivot/Rig"]
transform = Transform3D(-0.96234, -0.270814, -0.0237024, 0.232852, -0.866147, 0.442231, -0.140292, 0.420058, 0.896588, -0.34574, 0.995563, -0.00313595)
bone_name = "DEF-hand.R"
bone_idx = 51
use_external_skeleton = true
external_skeleton = NodePath("../CharacterRig/GameRig/Skeleton3D")

[node name="AttackRaycast" type="RayCast3D" parent="RigPivot/Rig/RayAttatchment"]
unique_name_in_owner = true
transform = Transform3D(0.991329, -0.123189, -0.0457463, 0.014769, -0.241471, 0.970295, -0.130576, -0.962557, -0.237557, -0.0520863, 0.0866758, 0.00896785)
collision_mask = 8
script = ExtResource("4_x82k4")

[node name="AreaAttack" parent="RigPivot" instance=ExtResource("6_ti7tt")]
transform = Transform3D(1, 0, 0, 0, 1, 0, 0, 0, 1, 0, 0, 1)
collision_mask = 8

[node name="Dash" parent="RigPivot" node_paths=PackedStringArray("player") instance=ExtResource("3_q5n1i")]
transform = Transform3D(1, 0, 0, 0, 1, 0, 0, 0, 1, 0, -0.982573, 0)
player = NodePath("../..")

[node name="UserInterface" parent="." node_paths=PackedStringArray("player") instance=ExtResource("9_478bf")]
player = NodePath("..")

[connection signal="defeat" from="HealthComponent" to="." method="_on_health_component_defeat"]
[connection signal="health_changed" from="HealthComponent" to="UserInterface" method="update_health"]
[connection signal="heavy_attack" from="RigPivot/Rig" to="." method="_on_rig_heavy_attack"]

[editable path="RigPivot/Rig"]
[editable path="RigPivot/Rig/CharacterRig"]
