[gd_scene load_steps=11 format=3 uid="uid://c65uqhkycx504"]

[ext_resource type="Script" path="res://player/player.gd" id="1_kly4h"]
[ext_resource type="Script" path="res://player/smooth_camera_arm.gd" id="2_a14m4"]
[ext_resource type="PackedScene" uid="uid://btnw4i1q6w0nr" path="res://player/health_component.tscn" id="2_c86bi"]
[ext_resource type="Script" path="res://resources/character_stats.gd" id="2_v2v1l"]
[ext_resource type="PackedScene" uid="uid://brkes6oa2ksbn" path="res://player/rig.tscn" id="3_fah68"]
[ext_resource type="PackedScene" uid="uid://ban384vkt3irv" path="res://player/dash.tscn" id="3_q5n1i"]
[ext_resource type="Script" path="res://player/attack_raycast.gd" id="4_x82k4"]
[ext_resource type="PackedScene" uid="uid://be03ygq05v3r8" path="res://player/area_attack.tscn" id="6_ti7tt"]

[sub_resource type="Resource" id="Resource_1axcj"]
script = ExtResource("2_v2v1l")

[sub_resource type="CapsuleShape3D" id="CapsuleShape3D_qvtay"]

[node name="Player" type="CharacterBody3D"]
collision_layer = 5
script = ExtResource("1_kly4h")
stats = SubResource("Resource_1axcj")

[node name="HealthComponent" parent="." instance=ExtResource("2_c86bi")]

[node name="CollisionShape3D" type="CollisionShape3D" parent="."]
shape = SubResource("CapsuleShape3D_qvtay")

[node name="SmoothCameraArm" type="SpringArm3D" parent="." node_paths=PackedStringArray("target")]
transform = Transform3D(1, 0, 0, 0, 0.906308, 0.422618, 0, -0.422618, 0.906308, 0, 0, 0)
spring_length = 4.0
script = ExtResource("2_a14m4")
target = NodePath("../HorizontalPivot/VerticalPivot")

[node name="Camera3D" type="Camera3D" parent="SmoothCameraArm"]

[node name="HorizontalPivot" type="Node3D" parent="."]

[node name="VerticalPivot" type="Node3D" parent="HorizontalPivot"]

[node name="RigPivot" type="Node3D" parent="."]

[node name="Rig" parent="RigPivot" instance=ExtResource("3_fah68")]
transform = Transform3D(1, 0, 0, 0, 1, 0, 0, 0, 1, 0, -1, 0)

[node name="Skeleton3D" parent="RigPivot/Rig/CharacterRig/GameRig" index="0"]
bones/0/position = Vector3(2.96387e-15, 0.896205, -0.0481736)
bones/2/rotation = Quaternion(-0.00241154, -0.000425317, 0.00321493, 0.999992)
bones/3/rotation = Quaternion(-0.0970053, -0.000386758, 0.00851975, 0.995247)
bones/4/rotation = Quaternion(0.277568, 1.51617e-08, 9.22508e-08, 0.960706)
bones/6/rotation = Quaternion(-0.155527, -1.17759e-07, -1.85403e-08, 0.987832)
bones/7/position = Vector3(-2.21628e-08, 0.896205, -0.0481735)
bones/8/position = Vector3(-3.43886e-08, 0.896205, -0.0481735)
bones/9/position = Vector3(0.131144, 0.962409, -0.0351291)
bones/9/rotation = Quaternion(0.992891, 0.0209375, -0.0309184, 0.113015)
bones/11/rotation = Quaternion(0.423411, -0.000700626, 0.000327613, 0.905937)
bones/13/rotation = Quaternion(-0.752968, 0.0118906, 0.0244115, 0.657497)
bones/15/position = Vector3(-0.131144, 0.962409, -0.0351291)
bones/15/rotation = Quaternion(0.972866, -0.00584443, 0.0272789, 0.229683)
bones/17/rotation = Quaternion(0.447265, 0.00330941, -0.00165507, 0.894394)
bones/19/rotation = Quaternion(-0.689503, -0.0281996, -0.000640584, 0.723733)
bones/21/position = Vector3(0.0251286, 1.42645, 0.0421229)
bones/21/rotation = Quaternion(-0.494231, -0.257609, -0.399364, 0.72793)
bones/22/position = Vector3(0.188364, 1.46319, -0.0245455)
bones/22/rotation = Quaternion(0.0512749, -0.159474, 0.974368, -0.150152)
bones/23/rotation = Quaternion(8.135e-08, -0.0147991, 5.45621e-08, 0.999891)
bones/24/rotation = Quaternion(0.296359, -0.0147998, -0.018085, 0.954791)
bones/46/position = Vector3(-0.0113635, 1.42645, 0.0421229)
bones/46/rotation = Quaternion(-0.51387, 0.217591, 0.371994, 0.741763)
bones/47/position = Vector3(-0.166404, 1.46361, -0.0416671)
bones/47/rotation = Quaternion(-0.0793876, -0.136122, 0.97288, 0.169334)
bones/48/rotation = Quaternion(3.93954e-08, 0.0107354, -9.52718e-09, 0.999942)
bones/49/rotation = Quaternion(0.328816, 0.0107358, 0.0289192, 0.94389)
bones/71/position = Vector3(0.127191, 1.34476, -0.0264546)
bones/71/rotation = Quaternion(1.92617e-08, 0.61373, 0.789516, -4.64439e-08)
bones/72/position = Vector3(-0.113426, 1.34476, -0.0264546)
bones/72/rotation = Quaternion(1.92617e-08, 0.61373, 0.789516, -4.64438e-08)

[node name="AnimationTree" parent="RigPivot/Rig" index="1"]
parameters/MoveSpace/blend_position = -1.06245

[node name="RightHandBone" parent="RigPivot/Rig" index="2"]
transform = Transform3D(-0.962343, -0.270803, -0.0237134, 0.241782, -0.892546, 0.380661, -0.124249, 0.360593, 0.92441, -0.340221, 0.981297, -0.0320354)

[node name="LeftHandBone" parent="RigPivot/Rig" index="3"]
transform = Transform3D(-0.970513, 0.239108, 0.0305212, -0.222064, -0.936135, 0.272652, 0.0937653, 0.257835, 0.961628, 0.345174, 0.969442, -0.0503203)

[node name="RayAttatchment" type="BoneAttachment3D" parent="RigPivot/Rig"]
transform = Transform3D(-0.962343, -0.270803, -0.0237134, 0.241782, -0.892546, 0.380661, -0.124249, 0.360593, 0.92441, -0.340221, 0.981297, -0.0320354)
bone_name = "DEF-hand.R"
bone_idx = 51
use_external_skeleton = true
external_skeleton = NodePath("../CharacterRig/GameRig/Skeleton3D")

[node name="AttackRaycast" type="RayCast3D" parent="RigPivot/Rig/RayAttatchment"]
unique_name_in_owner = true
transform = Transform3D(0.991329, -0.123189, -0.0457463, 0.014769, -0.241471, 0.970295, -0.130576, -0.962557, -0.237557, -0.0520863, 0.0866758, 0.00896785)
collision_mask = 8
script = ExtResource("4_x82k4")

[node name="AreaAttack" parent="RigPivot" instance=ExtResource("6_ti7tt")]
transform = Transform3D(1, 0, 0, 0, 1, 0, 0, 0, 1, 0, 0, 1)
collision_mask = 8

[node name="Dash" parent="RigPivot" node_paths=PackedStringArray("player") instance=ExtResource("3_q5n1i")]
transform = Transform3D(1, 0, 0, 0, 1, 0, 0, 0, 1, 0, -0.982573, 0)
player = NodePath("../..")

[connection signal="defeat" from="HealthComponent" to="." method="_on_health_component_defeat"]
[connection signal="heavy_attack" from="RigPivot/Rig" to="." method="_on_rig_heavy_attack"]

[editable path="RigPivot/Rig"]
[editable path="RigPivot/Rig/CharacterRig"]
