[gd_scene load_steps=9 format=3 uid="uid://c65uqhkycx504"]

[ext_resource type="Script" path="res://player/player.gd" id="1_kly4h"]
[ext_resource type="Script" path="res://player/smooth_camera_arm.gd" id="2_a14m4"]
[ext_resource type="PackedScene" uid="uid://btnw4i1q6w0nr" path="res://player/health_component.tscn" id="2_c86bi"]
[ext_resource type="PackedScene" uid="uid://brkes6oa2ksbn" path="res://player/rig.tscn" id="3_fah68"]
[ext_resource type="PackedScene" uid="uid://ban384vkt3irv" path="res://player/dash.tscn" id="3_q5n1i"]
[ext_resource type="Script" path="res://player/attack_raycast.gd" id="4_x82k4"]
[ext_resource type="PackedScene" uid="uid://be03ygq05v3r8" path="res://player/area_attack.tscn" id="6_ti7tt"]

[sub_resource type="CapsuleShape3D" id="CapsuleShape3D_qvtay"]

[node name="Player" type="CharacterBody3D"]
collision_layer = 5
script = ExtResource("1_kly4h")

[node name="HealthComponent" parent="." instance=ExtResource("2_c86bi")]

[node name="Dash" parent="." instance=ExtResource("3_q5n1i")]

[node name="CollisionShape3D" type="CollisionShape3D" parent="."]
shape = SubResource("CapsuleShape3D_qvtay")

[node name="SmoothCameraArm" type="SpringArm3D" parent="." node_paths=PackedStringArray("target")]
transform = Transform3D(1, 0, 0, 0, 0.906308, 0.422618, 0, -0.422618, 0.906308, 0, 0, 0)
spring_length = 4.0
script = ExtResource("2_a14m4")
target = NodePath("../HorizontalPivot/VerticalPivot")

[node name="Camera3D" type="Camera3D" parent="SmoothCameraArm"]

[node name="HorizontalPivot" type="Node3D" parent="."]

[node name="VerticalPivot" type="Node3D" parent="HorizontalPivot"]

[node name="RigPivot" type="Node3D" parent="."]

[node name="Rig" parent="RigPivot" instance=ExtResource("3_fah68")]
transform = Transform3D(1, 0, 0, 0, 1, 0, 0, 0, 1, 0, -1, 0)

[node name="Skeleton3D" parent="RigPivot/Rig/CharacterRig/GameRig" index="0"]
bones/0/position = Vector3(2.91344e-15, 0.896216, -0.0481736)
bones/2/rotation = Quaternion(-0.00240476, -0.000425206, 0.00321496, 0.999992)
bones/3/rotation = Quaternion(-0.0969992, -0.000386678, 0.00851973, 0.995248)
bones/4/rotation = Quaternion(0.277562, 1.51626e-08, 9.22448e-08, 0.960708)
bones/6/rotation = Quaternion(-0.155535, -1.17868e-07, -1.78362e-08, 0.98783)
bones/7/position = Vector3(-2.2106e-08, 0.896216, -0.0481735)
bones/8/position = Vector3(-3.42248e-08, 0.896216, -0.0481735)
bones/9/position = Vector3(0.131144, 0.96242, -0.0351291)
bones/9/rotation = Quaternion(0.992896, 0.0209354, -0.0309194, 0.112978)
bones/11/rotation = Quaternion(0.42339, -0.000700625, 0.000327594, 0.905947)
bones/13/rotation = Quaternion(-0.752959, 0.0118905, 0.0244114, 0.657507)
bones/15/position = Vector3(-0.131144, 0.96242, -0.0351291)
bones/15/rotation = Quaternion(0.972876, -0.00584247, 0.0272802, 0.229639)
bones/17/rotation = Quaternion(0.447245, 0.00330929, -0.00165492, 0.894404)
bones/19/rotation = Quaternion(-0.689495, -0.0281995, -0.000641203, 0.723741)
bones/21/position = Vector3(0.0251286, 1.42646, 0.0421269)
bones/21/rotation = Quaternion(-0.494213, -0.257617, -0.399377, 0.727932)
bones/22/position = Vector3(0.188366, 1.4632, -0.0245341)
bones/22/rotation = Quaternion(0.0512515, -0.159478, 0.974369, -0.150148)
bones/23/rotation = Quaternion(5.34115e-08, -0.0148183, 4.93238e-08, 0.99989)
bones/24/rotation = Quaternion(0.296403, -0.014819, -0.0180884, 0.954777)
bones/46/position = Vector3(-0.0113635, 1.42646, 0.0421269)
bones/46/rotation = Quaternion(-0.513836, 0.217629, 0.372028, 0.741758)
bones/47/position = Vector3(-0.166414, 1.46362, -0.0416437)
bones/47/rotation = Quaternion(-0.0793342, -0.136132, 0.972884, 0.169326)
bones/48/rotation = Quaternion(-9.03101e-09, 0.0107718, -2.91279e-08, 0.999942)
bones/49/rotation = Quaternion(0.328867, 0.0107724, 0.0289199, 0.943872)
bones/71/position = Vector3(0.127191, 1.34477, -0.0264531)
bones/71/rotation = Quaternion(1.92625e-08, 0.613717, 0.789526, -4.64435e-08)
bones/72/position = Vector3(-0.113426, 1.34477, -0.0264531)
bones/72/rotation = Quaternion(1.92626e-08, 0.613716, 0.789527, -4.64434e-08)

[node name="AnimationTree" parent="RigPivot/Rig" index="1"]
parameters/MoveSpace/blend_position = -1.06245

[node name="RightHandBone" parent="RigPivot/Rig" index="2"]
transform = Transform3D(-0.962343, -0.270803, -0.0237135, 0.241768, -0.892505, 0.380766, -0.124277, 0.360694, 0.924367, -0.340231, 0.981321, -0.0319868)

[node name="LeftHandBone" parent="RigPivot/Rig" index="3"]
transform = Transform3D(-0.970513, 0.239108, 0.0305212, -0.222055, -0.93611, 0.272745, 0.0937868, 0.257925, 0.961602, 0.345177, 0.969461, -0.0502864)

[node name="RayAttatchment" type="BoneAttachment3D" parent="RigPivot/Rig"]
transform = Transform3D(-0.962343, -0.270803, -0.0237135, 0.241768, -0.892505, 0.380766, -0.124277, 0.360694, 0.924367, -0.340231, 0.981321, -0.0319868)
bone_name = "DEF-hand.R"
bone_idx = 51
use_external_skeleton = true
external_skeleton = NodePath("../CharacterRig/GameRig/Skeleton3D")

[node name="AttackRaycast" type="RayCast3D" parent="RigPivot/Rig/RayAttatchment"]
unique_name_in_owner = true
transform = Transform3D(0.991329, -0.123189, -0.0457463, 0.014769, -0.241471, 0.970295, -0.130576, -0.962557, -0.237557, -0.0520863, 0.0866758, 0.00896785)
collision_mask = 8
script = ExtResource("4_x82k4")

[node name="AreaAttack" parent="RigPivot" instance=ExtResource("6_ti7tt")]
transform = Transform3D(1, 0, 0, 0, 1, 0, 0, 0, 1, 0, 0, 1)
collision_mask = 8

[connection signal="defeat" from="HealthComponent" to="." method="_on_health_component_defeat"]
[connection signal="heavy_attack" from="RigPivot/Rig" to="." method="_on_rig_heavy_attack"]

[editable path="RigPivot/Rig"]
[editable path="RigPivot/Rig/CharacterRig"]
