[gd_scene load_steps=9 format=3 uid="uid://c65uqhkycx504"]

[ext_resource type="Script" path="res://player/player.gd" id="1_kly4h"]
[ext_resource type="Script" path="res://player/smooth_camera_arm.gd" id="2_a14m4"]
[ext_resource type="PackedScene" uid="uid://btnw4i1q6w0nr" path="res://player/health_component.tscn" id="2_c86bi"]
[ext_resource type="PackedScene" uid="uid://brkes6oa2ksbn" path="res://player/rig.tscn" id="3_fah68"]
[ext_resource type="PackedScene" uid="uid://ban384vkt3irv" path="res://player/dash.tscn" id="3_q5n1i"]
[ext_resource type="Script" path="res://player/attack_raycast.gd" id="4_x82k4"]
[ext_resource type="PackedScene" uid="uid://be03ygq05v3r8" path="res://player/area_attack.tscn" id="6_ti7tt"]

[sub_resource type="CapsuleShape3D" id="CapsuleShape3D_qvtay"]

[node name="Player" type="CharacterBody3D"]
collision_layer = 5
script = ExtResource("1_kly4h")

[node name="HealthComponent" parent="." instance=ExtResource("2_c86bi")]

[node name="Dash" parent="." node_paths=PackedStringArray("player") instance=ExtResource("3_q5n1i")]
player = NodePath("..")

[node name="CollisionShape3D" type="CollisionShape3D" parent="."]
shape = SubResource("CapsuleShape3D_qvtay")

[node name="SmoothCameraArm" type="SpringArm3D" parent="." node_paths=PackedStringArray("target")]
transform = Transform3D(1, 0, 0, 0, 0.906308, 0.422618, 0, -0.422618, 0.906308, 0, 0, 0)
spring_length = 4.0
script = ExtResource("2_a14m4")
target = NodePath("../HorizontalPivot/VerticalPivot")

[node name="Camera3D" type="Camera3D" parent="SmoothCameraArm"]

[node name="HorizontalPivot" type="Node3D" parent="."]

[node name="VerticalPivot" type="Node3D" parent="HorizontalPivot"]

[node name="RigPivot" type="Node3D" parent="."]

[node name="Rig" parent="RigPivot" instance=ExtResource("3_fah68")]
transform = Transform3D(1, 0, 0, 0, 1, 0, 0, 0, 1, 0, -1, 0)

[node name="Skeleton3D" parent="RigPivot/Rig/CharacterRig/GameRig" index="0"]
bones/0/position = Vector3(1.40749e-14, 0.902476, -0.0481735)
bones/2/rotation = Quaternion(0.00165461, -0.000359414, 0.00321343, 0.999994)
bones/3/rotation = Quaternion(-0.0933096, -0.000338708, 0.00852209, 0.995601)
bones/4/rotation = Quaternion(0.274219, 1.48422e-08, 9.19454e-08, 0.961667)
bones/6/rotation = Quaternion(-0.159751, -1.17591e-07, -1.95824e-08, 0.987157)
bones/7/position = Vector3(-4.3644e-08, 0.902476, -0.0481735)
bones/8/position = Vector3(-6.60953e-08, 0.902476, -0.0481735)
bones/9/position = Vector3(0.131144, 0.968681, -0.0351291)
bones/9/rotation = Quaternion(0.993502, 0.0206325, -0.0310628, 0.107529)
bones/11/rotation = Quaternion(0.411051, -0.000699206, 0.000315423, 0.911612)
bones/13/rotation = Quaternion(-0.747636, 0.0118709, 0.0243865, 0.663554)
bones/15/position = Vector3(-0.131144, 0.968681, -0.0351291)
bones/15/rotation = Quaternion(0.974192, -0.00559332, 0.0274533, 0.223975)
bones/17/rotation = Quaternion(0.435749, 0.00324133, -0.00156952, 0.900061)
bones/19/rotation = Quaternion(-0.684469, -0.0281728, -0.00100015, 0.728497)
bones/21/position = Vector3(0.0251286, 1.43242, 0.0443893)
bones/21/rotation = Quaternion(-0.483675, -0.261969, -0.407087, 0.729185)
bones/22/position = Vector3(0.189781, 1.47018, -0.0180656)
bones/22/rotation = Quaternion(0.0379588, -0.161511, 0.974978, -0.147959)
bones/23/rotation = Quaternion(8.56419e-08, -0.025641, 3.8169e-08, 0.999671)
bones/24/rotation = Quaternion(0.321152, -0.0256605, -0.0199199, 0.94647)
bones/46/position = Vector3(-0.0113635, 1.43242, 0.0443893)
bones/46/rotation = Quaternion(-0.494832, 0.238646, 0.3914, 0.738238)
bones/47/position = Vector3(-0.171675, 1.47071, -0.0281813)
bones/47/rotation = Quaternion(-0.0489923, -0.14134, 0.974883, 0.165004)
bones/48/rotation = Quaternion(4.55146e-08, 0.0313986, 3.6232e-08, 0.999507)
bones/49/rotation = Quaternion(0.357339, 0.0313997, 0.0288918, 0.933)
bones/71/position = Vector3(0.127191, 1.35191, -0.0255728)
bones/71/rotation = Quaternion(1.97264e-08, 0.60695, 0.79474, -4.61884e-08)
bones/72/position = Vector3(-0.113426, 1.35191, -0.0255728)
bones/72/rotation = Quaternion(1.97264e-08, 0.60695, 0.79474, -4.61883e-08)

[node name="AnimationTree" parent="RigPivot/Rig" index="1"]
parameters/MoveSpace/blend_position = -1.06245

[node name="RightHandBone" parent="RigPivot/Rig" index="2"]
transform = Transform3D(-0.962338, -0.270823, -0.0236934, 0.233301, -0.867454, 0.439425, -0.139559, 0.417348, 0.897967, -0.345497, 0.994888, -0.00446697)

[node name="LeftHandBone" parent="RigPivot/Rig" index="3"]
transform = Transform3D(-0.970514, 0.239105, 0.0305055, -0.216581, -0.920564, 0.325047, 0.105802, 0.308856, 0.945206, 0.34659, 0.980518, -0.0311208)

[node name="RayAttatchment" type="BoneAttachment3D" parent="RigPivot/Rig"]
transform = Transform3D(-0.962338, -0.270823, -0.0236934, 0.233301, -0.867454, 0.439425, -0.139559, 0.417348, 0.897967, -0.345497, 0.994888, -0.00446697)
bone_name = "DEF-hand.R"
bone_idx = 51
use_external_skeleton = true
external_skeleton = NodePath("../CharacterRig/GameRig/Skeleton3D")

[node name="AttackRaycast" type="RayCast3D" parent="RigPivot/Rig/RayAttatchment"]
unique_name_in_owner = true
transform = Transform3D(0.991329, -0.123189, -0.0457463, 0.014769, -0.241471, 0.970295, -0.130576, -0.962557, -0.237557, -0.0520863, 0.0866758, 0.00896785)
collision_mask = 8
script = ExtResource("4_x82k4")

[node name="AreaAttack" parent="RigPivot" instance=ExtResource("6_ti7tt")]
transform = Transform3D(1, 0, 0, 0, 1, 0, 0, 0, 1, 0, 0, 1)
collision_mask = 8

[connection signal="defeat" from="HealthComponent" to="." method="_on_health_component_defeat"]
[connection signal="heavy_attack" from="RigPivot/Rig" to="." method="_on_rig_heavy_attack"]

[editable path="RigPivot/Rig"]
[editable path="RigPivot/Rig/CharacterRig"]
