[gd_scene load_steps=11 format=3 uid="uid://c65uqhkycx504"]

[ext_resource type="Script" path="res://player/player.gd" id="1_kly4h"]
[ext_resource type="Script" path="res://player/smooth_camera_arm.gd" id="2_a14m4"]
[ext_resource type="PackedScene" uid="uid://btnw4i1q6w0nr" path="res://player/health_component.tscn" id="2_c86bi"]
[ext_resource type="Script" path="res://resources/character_stats.gd" id="2_v2v1l"]
[ext_resource type="PackedScene" uid="uid://brkes6oa2ksbn" path="res://player/rig.tscn" id="3_fah68"]
[ext_resource type="PackedScene" uid="uid://ban384vkt3irv" path="res://player/dash.tscn" id="3_q5n1i"]
[ext_resource type="Script" path="res://player/attack_raycast.gd" id="4_x82k4"]
[ext_resource type="PackedScene" uid="uid://be03ygq05v3r8" path="res://player/area_attack.tscn" id="6_ti7tt"]

[sub_resource type="Resource" id="Resource_1axcj"]
script = ExtResource("2_v2v1l")

[sub_resource type="CapsuleShape3D" id="CapsuleShape3D_qvtay"]

[node name="Player" type="CharacterBody3D" groups=["Player"]]
collision_layer = 5
script = ExtResource("1_kly4h")
stats = SubResource("Resource_1axcj")

[node name="HealthComponent" parent="." instance=ExtResource("2_c86bi")]

[node name="CollisionShape3D" type="CollisionShape3D" parent="."]
shape = SubResource("CapsuleShape3D_qvtay")

[node name="SmoothCameraArm" type="SpringArm3D" parent="." node_paths=PackedStringArray("target")]
transform = Transform3D(1, 0, 0, 0, 0.906308, 0.422618, 0, -0.422618, 0.906308, 0, 0, 0)
spring_length = 4.0
script = ExtResource("2_a14m4")
target = NodePath("../HorizontalPivot/VerticalPivot")

[node name="Camera3D" type="Camera3D" parent="SmoothCameraArm"]

[node name="HorizontalPivot" type="Node3D" parent="."]

[node name="VerticalPivot" type="Node3D" parent="HorizontalPivot"]

[node name="RigPivot" type="Node3D" parent="."]

[node name="Rig" parent="RigPivot" instance=ExtResource("3_fah68")]
transform = Transform3D(1, 0, 0, 0, 1, 0, 0, 0, 1, 0, -1, 0)

[node name="Skeleton3D" parent="RigPivot/Rig/CharacterRig/GameRig" index="0"]
bones/0/position = Vector3(1.40435e-14, 0.902061, -0.0481735)
bones/2/rotation = Quaternion(0.00138371, -0.000363804, 0.00321354, 0.999994)
bones/3/rotation = Quaternion(-0.0935556, -0.000341907, 0.00852193, 0.995578)
bones/4/rotation = Quaternion(0.274442, 1.48205e-08, 9.21179e-08, 0.961604)
bones/6/rotation = Quaternion(-0.159468, -1.17311e-07, -2.12938e-08, 0.987203)
bones/7/position = Vector3(-4.05472e-08, 0.902061, -0.0481735)
bones/8/position = Vector3(-6.81873e-08, 0.902061, -0.0481735)
bones/9/position = Vector3(0.131144, 0.968265, -0.0351291)
bones/9/rotation = Quaternion(0.993461, 0.0206534, -0.0310527, 0.107913)
bones/11/rotation = Quaternion(0.411894, -0.000699389, 0.000316281, 0.911232)
bones/13/rotation = Quaternion(-0.748001, 0.0118723, 0.024388, 0.663143)
bones/15/position = Vector3(-0.131144, 0.968266, -0.0351291)
bones/15/rotation = Quaternion(0.974099, -0.00561117, 0.0274409, 0.224381)
bones/17/rotation = Quaternion(0.436528, 0.00324595, -0.00157514, 0.899684)
bones/19/rotation = Quaternion(-0.684813, -0.0281747, -0.000975603, 0.728173)
bones/21/position = Vector3(0.0251286, 1.43202, 0.0442394)
bones/21/rotation = Quaternion(-0.484352, -0.261694, -0.40658, 0.729117)
bones/22/position = Vector3(0.189688, 1.46972, -0.0184951)
bones/22/rotation = Quaternion(0.038838, -0.161377, 0.974943, -0.148105)
bones/23/rotation = Quaternion(1.2885e-07, -0.0249375, 1.01137e-07, 0.999689)
bones/24/rotation = Quaternion(0.319509, -0.0249377, -0.0198016, 0.947048)
bones/46/position = Vector3(-0.0113635, 1.43202, 0.0442393)
bones/46/rotation = Quaternion(-0.496108, 0.237255, 0.390116, 0.73851)
bones/47/position = Vector3(-0.171338, 1.47024, -0.0290855)
bones/47/rotation = Quaternion(-0.0510194, -0.140996, 0.974779, 0.165297)
bones/48/rotation = Quaternion(2.18797e-08, 0.0300249, -7.8797e-09, 0.999549)
bones/49/rotation = Quaternion(0.355452, 0.0300263, 0.0289078, 0.933765)
bones/71/position = Vector3(0.127191, 1.35144, -0.0256314)
bones/71/rotation = Quaternion(1.96953e-08, 0.607404, 0.794393, -4.62057e-08)
bones/72/position = Vector3(-0.113426, 1.35144, -0.0256314)
bones/72/rotation = Quaternion(1.96958e-08, 0.607399, 0.794397, -4.62052e-08)

[node name="AnimationTree" parent="RigPivot/Rig" index="1"]
parameters/MoveSpace/blend_position = -1.06245

[node name="RightHandBone" parent="RigPivot/Rig" index="2"]
transform = Transform3D(-0.962335, -0.270832, -0.0236844, 0.23391, -0.869233, 0.435569, -0.138553, 0.413623, 0.899844, -0.345162, 0.993967, -0.00629476)

[node name="LeftHandBone" parent="RigPivot/Rig" index="3"]
transform = Transform3D(-0.970511, 0.239118, 0.0305179, -0.216975, -0.921683, 0.321594, 0.105027, 0.305489, 0.946386, 0.346501, 0.979766, -0.0323896)

[node name="RayAttatchment" type="BoneAttachment3D" parent="RigPivot/Rig"]
transform = Transform3D(-0.962335, -0.270832, -0.0236844, 0.23391, -0.869233, 0.435569, -0.138553, 0.413623, 0.899844, -0.345162, 0.993967, -0.00629476)
bone_name = "DEF-hand.R"
bone_idx = 51
use_external_skeleton = true
external_skeleton = NodePath("../CharacterRig/GameRig/Skeleton3D")

[node name="AttackRaycast" type="RayCast3D" parent="RigPivot/Rig/RayAttatchment"]
unique_name_in_owner = true
transform = Transform3D(0.991329, -0.123189, -0.0457463, 0.014769, -0.241471, 0.970295, -0.130576, -0.962557, -0.237557, -0.0520863, 0.0866758, 0.00896785)
collision_mask = 8
script = ExtResource("4_x82k4")

[node name="AreaAttack" parent="RigPivot" instance=ExtResource("6_ti7tt")]
transform = Transform3D(1, 0, 0, 0, 1, 0, 0, 0, 1, 0, 0, 1)
collision_mask = 8

[node name="Dash" parent="RigPivot" node_paths=PackedStringArray("player") instance=ExtResource("3_q5n1i")]
transform = Transform3D(1, 0, 0, 0, 1, 0, 0, 0, 1, 0, -0.982573, 0)
player = NodePath("../..")

[connection signal="defeat" from="HealthComponent" to="." method="_on_health_component_defeat"]
[connection signal="heavy_attack" from="RigPivot/Rig" to="." method="_on_rig_heavy_attack"]

[editable path="RigPivot/Rig"]
[editable path="RigPivot/Rig/CharacterRig"]
