[gd_scene load_steps=6 format=3 uid="uid://c65uqhkycx504"]

[ext_resource type="Script" path="res://player/player.gd" id="1_kly4h"]
[ext_resource type="Script" path="res://player/smooth_camera_arm.gd" id="2_a14m4"]
[ext_resource type="PackedScene" uid="uid://brkes6oa2ksbn" path="res://player/rig.tscn" id="3_fah68"]
[ext_resource type="Script" path="res://player/attack_raycast.gd" id="4_x82k4"]

[sub_resource type="CapsuleShape3D" id="CapsuleShape3D_qvtay"]

[node name="Player" type="CharacterBody3D"]
collision_layer = 5
script = ExtResource("1_kly4h")

[node name="CollisionShape3D" type="CollisionShape3D" parent="."]
shape = SubResource("CapsuleShape3D_qvtay")

[node name="SmoothCameraArm" type="SpringArm3D" parent="." node_paths=PackedStringArray("target")]
transform = Transform3D(1, 0, 0, 0, 0.906308, 0.422618, 0, -0.422618, 0.906308, 0, 0, 0)
spring_length = 4.0
script = ExtResource("2_a14m4")
target = NodePath("../HorizontalPivot/VerticalPivot")

[node name="Camera3D" type="Camera3D" parent="SmoothCameraArm"]

[node name="HorizontalPivot" type="Node3D" parent="."]

[node name="VerticalPivot" type="Node3D" parent="HorizontalPivot"]

[node name="RigPivot" type="Node3D" parent="."]

[node name="Rig" parent="RigPivot" instance=ExtResource("3_fah68")]
transform = Transform3D(1, 0, 0, 0, 1, 0, 0, 0, 1, 0, -1, 0)

[node name="Skeleton3D" parent="RigPivot/Rig/CharacterRig/GameRig" index="0"]
bones/0/position = Vector3(3.87763e-15, 0.896689, -0.0481736)
bones/2/rotation = Quaternion(-0.00209098, -0.00042012, 0.00321483, 0.999993)
bones/3/rotation = Quaternion(-0.0967142, -0.000382973, 0.00851993, 0.995276)
bones/4/rotation = Quaternion(0.277315, 1.53281e-08, 9.15681e-08, 0.960779)
bones/6/rotation = Quaternion(-0.155861, -1.17752e-07, -1.858e-08, 0.987779)
bones/7/position = Vector3(-2.0739e-08, 0.896689, -0.0481734)
bones/8/position = Vector3(-4.48106e-08, 0.896689, -0.0481735)
bones/9/position = Vector3(0.131144, 0.962893, -0.0351291)
bones/9/rotation = Quaternion(0.992939, 0.020914, -0.0309294, 0.112599)
bones/11/rotation = Quaternion(0.422491, -0.000700595, 0.000326726, 0.906367)
bones/13/rotation = Quaternion(-0.75257, 0.0118891, 0.0244094, 0.657952)
bones/15/position = Vector3(-0.131144, 0.962893, -0.0351291)
bones/15/rotation = Quaternion(0.972964, -0.005826, 0.0272917, 0.229265)
bones/17/rotation = Quaternion(0.446398, 0.0033043, -0.00164852, 0.894827)
bones/19/rotation = Quaternion(-0.689125, -0.0281976, -0.00066778, 0.724094)
bones/21/position = Vector3(0.0251286, 1.42691, 0.0422981)
bones/21/rotation = Quaternion(-0.493415, -0.25795, -0.399959, 0.728036)
bones/22/position = Vector3(0.188476, 1.46374, -0.0240465)
bones/22/rotation = Quaternion(0.05025, -0.159632, 0.974422, -0.149984)
bones/23/rotation = Quaternion(5.93807e-08, -0.0156366, 5.24254e-08, 0.999878)
bones/24/rotation = Quaternion(0.298279, -0.0156374, -0.0182326, 0.954176)
bones/46/position = Vector3(-0.0113635, 1.42691, 0.0422981)
bones/46/rotation = Quaternion(-0.512406, 0.219228, 0.373496, 0.741539)
bones/47/position = Vector3(-0.166835, 1.46417, -0.0406387)
bones/47/rotation = Quaternion(-0.0770492, -0.136529, 0.973067, 0.169006)
bones/48/rotation = Quaternion(9.15012e-08, 0.0123319, 6.01893e-08, 0.999924)
bones/49/rotation = Quaternion(0.331027, 0.0123324, 0.028941, 0.943097)
bones/71/position = Vector3(0.127191, 1.34531, -0.0263871)
bones/71/rotation = Quaternion(1.92975e-08, 0.613208, 0.789921, -4.64245e-08)
bones/72/position = Vector3(-0.113426, 1.34531, -0.0263872)
bones/72/rotation = Quaternion(1.92975e-08, 0.613208, 0.789921, -4.64245e-08)

[node name="AnimationTree" parent="RigPivot/Rig" index="1"]
parameters/MoveSpace/blend_position = -1.06245

[node name="RightHandBone" parent="RigPivot/Rig" index="2"]
transform = Transform3D(-0.962342, -0.270806, -0.0237112, 0.241164, -0.890741, 0.385253, -0.125449, 0.365027, 0.922506, -0.340652, 0.98233, -0.029906)

[node name="LeftHandBone" parent="RigPivot/Rig" index="3"]
transform = Transform3D(-0.970513, 0.239109, 0.0305208, -0.221665, -0.935033, 0.276726, 0.0947055, 0.261801, 0.960464, 0.345287, 0.970279, -0.0488322)

[node name="RayAttatchment" type="BoneAttachment3D" parent="RigPivot/Rig"]
transform = Transform3D(-0.962342, -0.270806, -0.0237112, 0.241164, -0.890741, 0.385253, -0.125449, 0.365027, 0.922506, -0.340652, 0.98233, -0.029906)
bone_name = "DEF-hand.R"
bone_idx = 51
use_external_skeleton = true
external_skeleton = NodePath("../CharacterRig/GameRig/Skeleton3D")

[node name="AttackRaycast" type="RayCast3D" parent="RigPivot/Rig/RayAttatchment"]
unique_name_in_owner = true
transform = Transform3D(0.991329, -0.123189, -0.0457463, 0.014769, -0.241471, 0.970295, -0.130576, -0.962557, -0.237557, -0.0520863, 0.0866758, 0.00896785)
collision_mask = 8
script = ExtResource("4_x82k4")

[editable path="RigPivot/Rig"]
[editable path="RigPivot/Rig/CharacterRig"]
