[gd_scene load_steps=6 format=3 uid="uid://c65uqhkycx504"]

[ext_resource type="Script" path="res://player/player.gd" id="1_kly4h"]
[ext_resource type="Script" path="res://player/smooth_camera_arm.gd" id="2_a14m4"]
[ext_resource type="PackedScene" uid="uid://brkes6oa2ksbn" path="res://player/rig.tscn" id="3_fah68"]
[ext_resource type="Script" path="res://player/attack_raycast.gd" id="4_x82k4"]

[sub_resource type="CapsuleShape3D" id="CapsuleShape3D_qvtay"]

[node name="Player" type="CharacterBody3D"]
script = ExtResource("1_kly4h")

[node name="CollisionShape3D" type="CollisionShape3D" parent="."]
shape = SubResource("CapsuleShape3D_qvtay")

[node name="SmoothCameraArm" type="SpringArm3D" parent="." node_paths=PackedStringArray("target")]
transform = Transform3D(1, 0, 0, 0, 0.906308, 0.422618, 0, -0.422618, 0.906308, 0, 0, 0)
spring_length = 4.0
script = ExtResource("2_a14m4")
target = NodePath("../HorizontalPivot/VerticalPivot")

[node name="Camera3D" type="Camera3D" parent="SmoothCameraArm"]

[node name="HorizontalPivot" type="Node3D" parent="."]

[node name="VerticalPivot" type="Node3D" parent="HorizontalPivot"]

[node name="RigPivot" type="Node3D" parent="."]

[node name="Rig" parent="RigPivot" instance=ExtResource("3_fah68")]
transform = Transform3D(1, 0, 0, 0, 1, 0, 0, 0, 1, 0, -1, 0)

[node name="Skeleton3D" parent="RigPivot/Rig/CharacterRig/GameRig" index="0"]
bones/0/position = Vector3(1.39663e-14, 0.901042, -0.0481735)
bones/2/rotation = Quaternion(0.000718669, -0.000374585, 0.00321378, 0.999995)
bones/3/rotation = Quaternion(-0.0941599, -0.000349765, 0.00852158, 0.995521)
bones/4/rotation = Quaternion(0.274991, 1.46546e-08, 9.29304e-08, 0.961447)
bones/6/rotation = Quaternion(-0.158779, -1.17682e-07, -1.90185e-08, 0.987314)
bones/7/position = Vector3(-3.29427e-08, 0.901042, -0.0481735)
bones/8/position = Vector3(-7.33244e-08, 0.901042, -0.0481735)
bones/9/position = Vector3(0.131144, 0.967246, -0.0351291)
bones/9/rotation = Quaternion(0.99336, 0.0207041, -0.0310285, 0.108833)
bones/11/rotation = Quaternion(0.413994, -0.000699788, 0.000318406, 0.91028)
bones/13/rotation = Quaternion(-0.748902, 0.0118756, 0.0243916, 0.662125)
bones/15/position = Vector3(-0.131144, 0.967246, -0.0351291)
bones/15/rotation = Quaternion(0.973884, -0.00565205, 0.0274125, 0.225313)
bones/17/rotation = Quaternion(0.438424, 0.00325717, -0.00158914, 0.898761)
bones/19/rotation = Quaternion(-0.68564, -0.0281791, -0.000916804, 0.727395)
bones/21/position = Vector3(0.0251286, 1.43105, 0.0438712)
bones/21/rotation = Quaternion(-0.486098, -0.260978, -0.405312, 0.728918)
bones/22/position = Vector3(0.189461, 1.46859, -0.0195497)
bones/22/rotation = Quaternion(0.0410095, -0.161047, 0.974854, -0.148464)
bones/23/rotation = Quaternion(7.41909e-08, -0.0231549, 6.22348e-08, 0.999732)
bones/24/rotation = Quaternion(0.31547, -0.0231625, -0.0195103, 0.948452)
bones/46/position = Vector3(-0.0113635, 1.43105, 0.0438712)
bones/46/rotation = Quaternion(-0.49923, 0.233833, 0.386955, 0.73916)
bones/47/position = Vector3(-0.170511, 1.46911, -0.0313057)
bones/47/rotation = Quaternion(-0.0559962, -0.140151, 0.974506, 0.166015)
bones/48/rotation = Quaternion(5.6106e-08, 0.0266517, 5.3222e-08, 0.999645)
bones/49/rotation = Quaternion(0.35081, 0.0266531, 0.028946, 0.93562)
bones/71/position = Vector3(0.127191, 1.35028, -0.0257753)
bones/71/rotation = Quaternion(1.96195e-08, 0.608512, 0.793544, -4.6248e-08)
bones/72/position = Vector3(-0.113426, 1.35028, -0.0257754)
bones/72/rotation = Quaternion(1.96195e-08, 0.608512, 0.793544, -4.62479e-08)

[node name="AnimationTree" parent="RigPivot/Rig" index="1"]
parameters/MoveSpace/blend_position = -1.06245

[node name="RightHandBone" parent="RigPivot/Rig" index="2"]
transform = Transform3D(-0.962334, -0.270837, -0.0236799, 0.235364, -0.873541, 0.426063, -0.136079, 0.404442, 0.904383, -0.344336, 0.991718, -0.0107921)

[node name="LeftHandBone" parent="RigPivot/Rig" index="3"]
transform = Transform3D(-0.970517, 0.239098, 0.030489, -0.2179, -0.924395, 0.313072, 0.103039, 0.297199, 0.94924, 0.346269, 0.977926, -0.0355096)

[node name="RayAttatchment" type="BoneAttachment3D" parent="RigPivot/Rig"]
transform = Transform3D(-0.962334, -0.270837, -0.0236799, 0.235364, -0.873541, 0.426063, -0.136079, 0.404442, 0.904383, -0.344336, 0.991718, -0.0107921)
bone_name = "DEF-hand.R"
bone_idx = 51
use_external_skeleton = true
external_skeleton = NodePath("../CharacterRig/GameRig/Skeleton3D")

[node name="AttackRaycast" type="RayCast3D" parent="RigPivot/Rig/RayAttatchment"]
unique_name_in_owner = true
transform = Transform3D(0.991329, -0.123189, -0.0457463, 0.014769, -0.241471, 0.970295, -0.130576, -0.962557, -0.237557, -0.0520863, 0.0866758, 0.00896785)
collision_mask = 8
script = ExtResource("4_x82k4")

[editable path="RigPivot/Rig"]
[editable path="RigPivot/Rig/CharacterRig"]
