[gd_scene load_steps=8 format=3 uid="uid://c65uqhkycx504"]

[ext_resource type="Script" path="res://player/player.gd" id="1_kly4h"]
[ext_resource type="Script" path="res://player/smooth_camera_arm.gd" id="2_a14m4"]
[ext_resource type="PackedScene" uid="uid://btnw4i1q6w0nr" path="res://player/health_component.tscn" id="2_c86bi"]
[ext_resource type="PackedScene" uid="uid://brkes6oa2ksbn" path="res://player/rig.tscn" id="3_fah68"]
[ext_resource type="Script" path="res://player/attack_raycast.gd" id="4_x82k4"]
[ext_resource type="PackedScene" uid="uid://be03ygq05v3r8" path="res://player/area_attack.tscn" id="6_ti7tt"]

[sub_resource type="CapsuleShape3D" id="CapsuleShape3D_qvtay"]

[node name="Player" type="CharacterBody3D"]
collision_layer = 5
script = ExtResource("1_kly4h")

[node name="HealthComponent" parent="." instance=ExtResource("2_c86bi")]

[node name="CollisionShape3D" type="CollisionShape3D" parent="."]
shape = SubResource("CapsuleShape3D_qvtay")

[node name="SmoothCameraArm" type="SpringArm3D" parent="." node_paths=PackedStringArray("target")]
transform = Transform3D(1, 0, 0, 0, 0.906308, 0.422618, 0, -0.422618, 0.906308, 0, 0, 0)
spring_length = 4.0
script = ExtResource("2_a14m4")
target = NodePath("../HorizontalPivot/VerticalPivot")

[node name="Camera3D" type="Camera3D" parent="SmoothCameraArm"]

[node name="HorizontalPivot" type="Node3D" parent="."]

[node name="VerticalPivot" type="Node3D" parent="HorizontalPivot"]

[node name="RigPivot" type="Node3D" parent="."]

[node name="Rig" parent="RigPivot" instance=ExtResource("3_fah68")]
transform = Transform3D(1, 0, 0, 0, 1, 0, 0, 0, 1, 0, -1, 0)

[node name="Skeleton3D" parent="RigPivot/Rig/CharacterRig/GameRig" index="0"]
bones/0/position = Vector3(4.18552e-15, 0.90726, -0.0481736)
bones/2/rotation = Quaternion(0.00476575, -0.00030899, 0.00321212, 0.999983)
bones/3/rotation = Quaternion(-0.0904859, -0.000301975, 0.00852375, 0.995861)
bones/4/rotation = Quaternion(0.271645, 1.47396e-08, 9.12236e-08, 0.962398)
bones/6/rotation = Quaternion(-0.162963, -1.17684e-07, -1.90242e-08, 0.986632)
bones/7/position = Vector3(-2.55975e-08, 0.90726, -0.0481735)
bones/8/position = Vector3(-4.42067e-08, 0.90726, -0.0481735)
bones/9/position = Vector3(0.131144, 0.973464, -0.0351291)
bones/9/rotation = Quaternion(0.993973, 0.0203914, -0.0311788, 0.103098)
bones/11/rotation = Quaternion(0.401055, -0.000696905, 0.000305248, 0.916054)
bones/13/rotation = Quaternion(-0.743373, 0.0118551, 0.0243701, 0.668327)
bones/15/position = Vector3(-0.131144, 0.973464, -0.0351291)
bones/15/rotation = Quaternion(0.975206, -0.00539764, 0.027589, 0.219507)
bones/17/rotation = Quaternion(0.426674, 0.00318768, -0.00150395, 0.904399)
bones/19/rotation = Quaternion(-0.680537, -0.0281516, -0.00127817, 0.732171)
bones/21/position = Vector3(0.0251286, 1.43699, 0.0461277)
bones/21/rotation = Quaternion(-0.475542, -0.265249, -0.413045, 0.729998)
bones/22/position = Vector3(0.190828, 1.47545, -0.0130695)
bones/22/rotation = Quaternion(0.0276826, -0.163061, 0.975323, -0.146249)
bones/23/rotation = Quaternion(3.28684e-08, -0.0339796, 5.80525e-08, 0.999423)
bones/24/rotation = Quaternion(0.339979, -0.0339804, -0.0212088, 0.93958)
bones/46/position = Vector3(-0.0113635, 1.43699, 0.0461277)
bones/46/rotation = Quaternion(-0.480171, 0.254532, 0.40616, 0.734632)
bones/47/position = Vector3(-0.175261, 1.47583, -0.0176514)
bones/47/rotation = Quaternion(-0.0256048, -0.145255, 0.975777, 0.161567)
bones/48/rotation = Quaternion(-2.31262e-08, 0.0471654, -8.67025e-08, 0.998887)
bones/49/rotation = Quaternion(0.378945, 0.0471661, 0.0284217, 0.923779)
bones/71/position = Vector3(0.127191, 1.3574, -0.0248868)
bones/71/rotation = Quaternion(2.0083e-08, 0.601731, 0.798699, -4.59859e-08)
bones/72/position = Vector3(-0.113426, 1.3574, -0.0248868)
bones/72/rotation = Quaternion(2.0083e-08, 0.601731, 0.798699, -4.59858e-08)

[node name="AnimationTree" parent="RigPivot/Rig" index="1"]
parameters/MoveSpace/blend_position = -1.06245

[node name="RightHandBone" parent="RigPivot/Rig" index="2"]
transform = Transform3D(-0.962343, -0.270803, -0.0237121, 0.226107, -0.845815, 0.48319, -0.150905, 0.459633, 0.875195, -0.349078, 1.00558, 0.0165431)

[node name="LeftHandBone" parent="RigPivot/Rig" index="3"]
transform = Transform3D(-0.970513, 0.239108, 0.030521, -0.211938, -0.90676, 0.364511, 0.114833, 0.347295, 0.930699, 0.347639, 0.989395, -0.01655)

[node name="RayAttatchment" type="BoneAttachment3D" parent="RigPivot/Rig"]
transform = Transform3D(-0.962343, -0.270803, -0.0237121, 0.226107, -0.845815, 0.48319, -0.150905, 0.459633, 0.875195, -0.349078, 1.00558, 0.0165431)
bone_name = "DEF-hand.R"
bone_idx = 51
use_external_skeleton = true
external_skeleton = NodePath("../CharacterRig/GameRig/Skeleton3D")

[node name="AttackRaycast" type="RayCast3D" parent="RigPivot/Rig/RayAttatchment"]
unique_name_in_owner = true
transform = Transform3D(0.991329, -0.123189, -0.0457463, 0.014769, -0.241471, 0.970295, -0.130576, -0.962557, -0.237557, -0.0520863, 0.0866758, 0.00896785)
collision_mask = 8
script = ExtResource("4_x82k4")

[node name="AreaAttack" parent="RigPivot" instance=ExtResource("6_ti7tt")]
transform = Transform3D(1, 0, 0, 0, 1, 0, 0, 0, 1, 0, 0, 1)
collision_mask = 8

[connection signal="defeat" from="HealthComponent" to="." method="_on_health_component_defeat"]
[connection signal="heavy_attack" from="RigPivot/Rig" to="." method="_on_rig_heavy_attack"]

[editable path="RigPivot/Rig"]
[editable path="RigPivot/Rig/CharacterRig"]
