[gd_scene load_steps=11 format=3 uid="uid://c65uqhkycx504"]

[ext_resource type="Script" path="res://player/player.gd" id="1_kly4h"]
[ext_resource type="Script" path="res://player/smooth_camera_arm.gd" id="2_a14m4"]
[ext_resource type="PackedScene" uid="uid://btnw4i1q6w0nr" path="res://player/health_component.tscn" id="2_c86bi"]
[ext_resource type="Script" path="res://resources/character_stats.gd" id="2_v2v1l"]
[ext_resource type="PackedScene" uid="uid://brkes6oa2ksbn" path="res://player/rig.tscn" id="3_fah68"]
[ext_resource type="PackedScene" uid="uid://ban384vkt3irv" path="res://player/dash.tscn" id="3_q5n1i"]
[ext_resource type="Script" path="res://player/attack_raycast.gd" id="4_x82k4"]
[ext_resource type="PackedScene" uid="uid://be03ygq05v3r8" path="res://player/area_attack.tscn" id="6_ti7tt"]

[sub_resource type="Resource" id="Resource_1axcj"]
script = ExtResource("2_v2v1l")

[sub_resource type="CapsuleShape3D" id="CapsuleShape3D_qvtay"]

[node name="Player" type="CharacterBody3D"]
collision_layer = 5
script = ExtResource("1_kly4h")
stats = SubResource("Resource_1axcj")

[node name="HealthComponent" parent="." instance=ExtResource("2_c86bi")]

[node name="CollisionShape3D" type="CollisionShape3D" parent="."]
shape = SubResource("CapsuleShape3D_qvtay")

[node name="SmoothCameraArm" type="SpringArm3D" parent="." node_paths=PackedStringArray("target")]
transform = Transform3D(1, 0, 0, 0, 0.906308, 0.422618, 0, -0.422618, 0.906308, 0, 0, 0)
spring_length = 4.0
script = ExtResource("2_a14m4")
target = NodePath("../HorizontalPivot/VerticalPivot")

[node name="Camera3D" type="Camera3D" parent="SmoothCameraArm"]

[node name="HorizontalPivot" type="Node3D" parent="."]

[node name="VerticalPivot" type="Node3D" parent="HorizontalPivot"]

[node name="RigPivot" type="Node3D" parent="."]

[node name="Rig" parent="RigPivot" instance=ExtResource("3_fah68")]
transform = Transform3D(1, 0, 0, 0, 1, 0, 0, 0, 1, 0, -1, 0)

[node name="Skeleton3D" parent="RigPivot/Rig/CharacterRig/GameRig" index="0"]
bones/0/position = Vector3(1.23702e-14, 0.904523, -0.0481735)
bones/2/rotation = Quaternion(0.00296395, -0.000338196, 0.00321286, 0.99999)
bones/3/rotation = Quaternion(-0.0921211, -0.000323248, 0.00852283, 0.995711)
bones/4/rotation = Quaternion(0.273128, 1.5524e-08, 8.90851e-08, 0.961978)
bones/6/rotation = Quaternion(-0.161111, -1.17238e-07, -2.17348e-08, 0.986936)
bones/7/position = Vector3(-4.93652e-08, 0.904523, -0.0481735)
bones/8/position = Vector3(-4.99526e-08, 0.904523, -0.0481735)
bones/9/position = Vector3(0.131144, 0.970728, -0.0351291)
bones/9/rotation = Quaternion(0.993703, 0.0205307, -0.0311116, 0.105666)
bones/11/rotation = Quaternion(0.40684, -0.000698347, 0.00031116, 0.913499)
bones/13/rotation = Quaternion(-0.745829, 0.0118642, 0.0243794, 0.665585)
bones/15/position = Vector3(-0.131144, 0.970728, -0.0351291)
bones/15/rotation = Quaternion(0.974625, -0.00551017, 0.027511, 0.222079)
bones/17/rotation = Quaternion(0.431921, 0.00321868, -0.00154152, 0.901905)
bones/19/rotation = Quaternion(-0.682801, -0.0281639, -0.00111837, 0.73006)
bones/21/position = Vector3(0.0251286, 1.43436, 0.0451286)
bones/21/rotation = Quaternion(-0.480211, -0.263376, -0.409615, 0.729553)
bones/22/position = Vector3(0.190236, 1.47244, -0.0159469)
bones/22/rotation = Quaternion(0.0336025, -0.16217, 0.975138, -0.147236)
bones/23/rotation = Quaternion(7.78391e-08, -0.0291879, 2.14674e-08, 0.999574)
bones/24/rotation = Quaternion(0.329154, -0.0291886, -0.0204825, 0.943603)
bones/46/position = Vector3(-0.0113635, 1.43436, 0.0451286)
bones/46/rotation = Quaternion(-0.488612, 0.245411, 0.397665, 0.736814)
bones/47/position = Vector3(-0.173258, 1.47292, -0.0237411)
bones/47/rotation = Quaternion(-0.0390863, -0.143009, 0.97533, 0.163559)
bones/48/rotation = Quaternion(-1.3891e-07, 0.0380943, -2.31412e-07, 0.999274)
bones/49/rotation = Quaternion(0.366527, 0.0380948, 0.0287534, 0.929182)
bones/71/position = Vector3(0.127191, 1.35425, -0.0252833)
bones/71/rotation = Quaternion(1.98775e-08, 0.60474, 0.796423, -4.61033e-08)
bones/72/position = Vector3(-0.113426, 1.35425, -0.0252833)
bones/72/rotation = Quaternion(1.98775e-08, 0.60474, 0.796423, -4.61032e-08)

[node name="AnimationTree" parent="RigPivot/Rig" index="1"]
parameters/MoveSpace/blend_position = -1.06245

[node name="RightHandBone" parent="RigPivot/Rig" index="2"]
transform = Transform3D(-0.962343, -0.270801, -0.0237147, 0.2303, -0.858534, 0.458127, -0.144421, 0.435414, 0.88857, -0.347074, 0.999403, 0.00445214)

[node name="LeftHandBone" parent="RigPivot/Rig" index="3"]
transform = Transform3D(-0.970513, 0.239108, 0.0305214, -0.214656, -0.914905, 0.341864, 0.109666, 0.325232, 0.939254, 0.347046, 0.98426, -0.0249222)

[node name="RayAttatchment" type="BoneAttachment3D" parent="RigPivot/Rig"]
transform = Transform3D(-0.962343, -0.270801, -0.0237147, 0.2303, -0.858534, 0.458127, -0.144421, 0.435414, 0.88857, -0.347074, 0.999403, 0.00445214)
bone_name = "DEF-hand.R"
bone_idx = 51
use_external_skeleton = true
external_skeleton = NodePath("../CharacterRig/GameRig/Skeleton3D")

[node name="AttackRaycast" type="RayCast3D" parent="RigPivot/Rig/RayAttatchment"]
unique_name_in_owner = true
transform = Transform3D(0.991329, -0.123189, -0.0457463, 0.014769, -0.241471, 0.970295, -0.130576, -0.962557, -0.237557, -0.0520863, 0.0866758, 0.00896785)
collision_mask = 8
script = ExtResource("4_x82k4")

[node name="AreaAttack" parent="RigPivot" instance=ExtResource("6_ti7tt")]
transform = Transform3D(1, 0, 0, 0, 1, 0, 0, 0, 1, 0, 0, 1)
collision_mask = 8

[node name="Dash" parent="RigPivot" node_paths=PackedStringArray("player") instance=ExtResource("3_q5n1i")]
transform = Transform3D(1, 0, 0, 0, 1, 0, 0, 0, 1, 0, -0.982573, 0)
player = NodePath("../..")

[connection signal="defeat" from="HealthComponent" to="." method="_on_health_component_defeat"]
[connection signal="heavy_attack" from="RigPivot/Rig" to="." method="_on_rig_heavy_attack"]

[editable path="RigPivot/Rig"]
[editable path="RigPivot/Rig/CharacterRig"]
