[gd_scene load_steps=12 format=3 uid="uid://c65uqhkycx504"]

[ext_resource type="Script" path="res://player/player.gd" id="1_kly4h"]
[ext_resource type="Script" path="res://player/smooth_camera_arm.gd" id="2_a14m4"]
[ext_resource type="PackedScene" uid="uid://btnw4i1q6w0nr" path="res://player/health_component.tscn" id="2_c86bi"]
[ext_resource type="Script" path="res://resources/character_stats.gd" id="2_v2v1l"]
[ext_resource type="PackedScene" uid="uid://brkes6oa2ksbn" path="res://player/rig.tscn" id="3_fah68"]
[ext_resource type="PackedScene" uid="uid://ban384vkt3irv" path="res://player/dash.tscn" id="3_q5n1i"]
[ext_resource type="Script" path="res://player/attack_raycast.gd" id="4_x82k4"]
[ext_resource type="PackedScene" uid="uid://be03ygq05v3r8" path="res://player/area_attack.tscn" id="6_ti7tt"]
[ext_resource type="PackedScene" uid="uid://b46jku7r77fry" path="res://UserInterface/user_interface.tscn" id="9_478bf"]

[sub_resource type="Resource" id="Resource_1axcj"]
script = ExtResource("2_v2v1l")

[sub_resource type="CapsuleShape3D" id="CapsuleShape3D_qvtay"]

[node name="Player" type="CharacterBody3D" groups=["Player"]]
collision_layer = 5
script = ExtResource("1_kly4h")
stats = SubResource("Resource_1axcj")

[node name="HealthComponent" parent="." node_paths=PackedStringArray("body") instance=ExtResource("2_c86bi")]
body = NodePath("..")

[node name="CollisionShape3D" type="CollisionShape3D" parent="."]
shape = SubResource("CapsuleShape3D_qvtay")

[node name="SmoothCameraArm" type="SpringArm3D" parent="." node_paths=PackedStringArray("target")]
transform = Transform3D(1, 0, 0, 0, 0.906308, 0.422618, 0, -0.422618, 0.906308, 0, 0, 0)
spring_length = 4.0
script = ExtResource("2_a14m4")
target = NodePath("../HorizontalPivot/VerticalPivot")

[node name="Camera3D" type="Camera3D" parent="SmoothCameraArm"]

[node name="HorizontalPivot" type="Node3D" parent="."]

[node name="VerticalPivot" type="Node3D" parent="HorizontalPivot"]

[node name="RigPivot" type="Node3D" parent="."]

[node name="Rig" parent="RigPivot" instance=ExtResource("3_fah68")]
transform = Transform3D(1, 0, 0, 0, 1, 0, 0, 0, 1, 0, -1, 0)

[node name="Skeleton3D" parent="RigPivot/Rig/CharacterRig/GameRig" index="0"]
bones/0/position = Vector3(1.39532e-14, 0.900869, -0.0481735)
bones/2/rotation = Quaternion(0.000605695, -0.000376416, 0.00321382, 0.999995)
bones/3/rotation = Quaternion(-0.0942626, -0.0003511, 0.00852152, 0.995511)
bones/4/rotation = Quaternion(0.275084, 1.46592e-08, 9.29535e-08, 0.96142)
bones/6/rotation = Quaternion(-0.158662, -1.17693e-07, -1.89504e-08, 0.987333)
bones/7/position = Vector3(-3.1651e-08, 0.900869, -0.0481735)
bones/8/position = Vector3(-7.41969e-08, 0.900869, -0.0481735)
bones/9/position = Vector3(0.131144, 0.967073, -0.0351291)
bones/9/rotation = Quaternion(0.993343, 0.0207127, -0.0310244, 0.108991)
bones/11/rotation = Quaternion(0.414348, -0.000699858, 0.000318766, 0.910118)
bones/13/rotation = Quaternion(-0.749056, 0.0118762, 0.0243922, 0.661952)
bones/15/position = Vector3(-0.131144, 0.967073, -0.0351291)
bones/15/rotation = Quaternion(0.973847, -0.00565913, 0.0274076, 0.225474)
bones/17/rotation = Quaternion(0.438747, 0.00325908, -0.00159151, 0.898603)
bones/19/rotation = Quaternion(-0.685781, -0.0281798, -0.000906754, 0.727262)
bones/21/position = Vector3(0.0251286, 1.43089, 0.0438086)
bones/21/rotation = Quaternion(-0.48639, -0.260859, -0.405098, 0.728885)
bones/22/position = Vector3(0.189422, 1.4684, -0.0197288)
bones/22/rotation = Quaternion(0.0413777, -0.160991, 0.974838, -0.148525)
bones/23/rotation = Quaternion(7.28086e-08, -0.0228548, 6.51396e-08, 0.999739)
bones/24/rotation = Quaternion(0.314784, -0.0228609, -0.0194608, 0.948689)
bones/46/position = Vector3(-0.0113635, 1.43089, 0.0438086)
bones/46/rotation = Quaternion(-0.499758, 0.233251, 0.386417, 0.739268)
bones/47/position = Vector3(-0.17037, 1.46891, -0.0316829)
bones/47/rotation = Quaternion(-0.0568414, -0.140006, 0.974457, 0.166137)
bones/48/rotation = Quaternion(5.73844e-08, 0.0260786, 5.52727e-08, 0.99966)
bones/49/rotation = Quaternion(0.35002, 0.02608, 0.0289524, 0.935931)
bones/71/position = Vector3(0.127191, 1.35008, -0.0257998)
bones/71/rotation = Quaternion(1.96065e-08, 0.608701, 0.7934, -4.62551e-08)
bones/72/position = Vector3(-0.113426, 1.35008, -0.0257998)
bones/72/rotation = Quaternion(1.96066e-08, 0.608701, 0.7934, -4.62551e-08)

[node name="AnimationTree" parent="RigPivot/Rig" index="1"]
parameters/MoveSpace/blend_position = -1.06245

[node name="RightHandBone" parent="RigPivot/Rig" index="2"]
transform = Transform3D(-0.962334, -0.270836, -0.0236814, 0.235605, -0.874264, 0.424444, -0.135658, 0.402878, 0.905144, -0.344195, 0.991338, -0.0115572)

[node name="LeftHandBone" parent="RigPivot/Rig" index="3"]
transform = Transform3D(-0.970517, 0.239096, 0.0304876, -0.218056, -0.924847, 0.311624, 0.102705, 0.295788, 0.949716, 0.34623, 0.977616, -0.0360402)

[node name="RayAttatchment" type="BoneAttachment3D" parent="RigPivot/Rig"]
transform = Transform3D(-0.962334, -0.270836, -0.0236814, 0.235605, -0.874264, 0.424444, -0.135658, 0.402878, 0.905144, -0.344195, 0.991338, -0.0115572)
bone_name = "DEF-hand.R"
bone_idx = 51
use_external_skeleton = true
external_skeleton = NodePath("../CharacterRig/GameRig/Skeleton3D")

[node name="AttackRaycast" type="RayCast3D" parent="RigPivot/Rig/RayAttatchment"]
unique_name_in_owner = true
transform = Transform3D(0.991329, -0.123189, -0.0457463, 0.014769, -0.241471, 0.970295, -0.130576, -0.962557, -0.237557, -0.0520863, 0.0866758, 0.00896785)
collision_mask = 8
script = ExtResource("4_x82k4")

[node name="AreaAttack" parent="RigPivot" instance=ExtResource("6_ti7tt")]
transform = Transform3D(1, 0, 0, 0, 1, 0, 0, 0, 1, 0, 0, 1)
collision_mask = 8

[node name="Dash" parent="RigPivot" node_paths=PackedStringArray("player") instance=ExtResource("3_q5n1i")]
transform = Transform3D(1, 0, 0, 0, 1, 0, 0, 0, 1, 0, -0.982573, 0)
player = NodePath("../..")

[node name="UserInterface" parent="." node_paths=PackedStringArray("player") instance=ExtResource("9_478bf")]
player = NodePath("..")

[connection signal="defeat" from="HealthComponent" to="." method="_on_health_component_defeat"]
[connection signal="health_changed" from="HealthComponent" to="UserInterface" method="update_health"]
[connection signal="heavy_attack" from="RigPivot/Rig" to="." method="_on_rig_heavy_attack"]

[editable path="RigPivot/Rig"]
[editable path="RigPivot/Rig/CharacterRig"]
