[gd_scene load_steps=12 format=3 uid="uid://c65uqhkycx504"]

[ext_resource type="Script" path="res://player/player.gd" id="1_kly4h"]
[ext_resource type="Script" path="res://player/smooth_camera_arm.gd" id="2_a14m4"]
[ext_resource type="PackedScene" uid="uid://btnw4i1q6w0nr" path="res://player/health_component.tscn" id="2_c86bi"]
[ext_resource type="Script" path="res://resources/character_stats.gd" id="2_v2v1l"]
[ext_resource type="PackedScene" uid="uid://brkes6oa2ksbn" path="res://player/rig.tscn" id="3_fah68"]
[ext_resource type="PackedScene" uid="uid://ban384vkt3irv" path="res://player/dash.tscn" id="3_q5n1i"]
[ext_resource type="Script" path="res://player/attack_raycast.gd" id="4_x82k4"]
[ext_resource type="PackedScene" uid="uid://be03ygq05v3r8" path="res://player/area_attack.tscn" id="6_ti7tt"]
[ext_resource type="PackedScene" uid="uid://b46jku7r77fry" path="res://UserInterface/user_interface.tscn" id="9_478bf"]

[sub_resource type="Resource" id="Resource_1axcj"]
script = ExtResource("2_v2v1l")

[sub_resource type="CapsuleShape3D" id="CapsuleShape3D_qvtay"]

[node name="Player" type="CharacterBody3D" groups=["Player"]]
collision_layer = 5
script = ExtResource("1_kly4h")
stats = SubResource("Resource_1axcj")

[node name="HealthComponent" parent="." node_paths=PackedStringArray("body") instance=ExtResource("2_c86bi")]
body = NodePath("..")

[node name="CollisionShape3D" type="CollisionShape3D" parent="."]
shape = SubResource("CapsuleShape3D_qvtay")

[node name="SmoothCameraArm" type="SpringArm3D" parent="." node_paths=PackedStringArray("target")]
transform = Transform3D(1, 0, 0, 0, 0.906308, 0.422618, 0, -0.422618, 0.906308, 0, 0, 0)
spring_length = 4.0
script = ExtResource("2_a14m4")
target = NodePath("../HorizontalPivot/VerticalPivot")

[node name="Camera3D" type="Camera3D" parent="SmoothCameraArm"]

[node name="HorizontalPivot" type="Node3D" parent="."]

[node name="VerticalPivot" type="Node3D" parent="HorizontalPivot"]

[node name="RigPivot" type="Node3D" parent="."]

[node name="Rig" parent="RigPivot" instance=ExtResource("3_fah68")]
transform = Transform3D(1, 0, 0, 0, 1, 0, 0, 0, 1, 0, -1, 0)

[node name="Skeleton3D" parent="RigPivot/Rig/CharacterRig/GameRig" index="0"]
bones/0/position = Vector3(3.37508e-15, 0.891714, -0.0481736)
bones/2/rotation = Quaternion(-0.00457832, -0.000460432, 0.0032157, 0.999984)
bones/3/rotation = Quaternion(-0.0996253, -0.000420803, 0.00851787, 0.994989)
bones/4/rotation = Quaternion(0.278974, 1.42628e-08, 9.594e-08, 0.960299)
bones/6/rotation = Quaternion(-0.153612, -1.17914e-07, -1.75346e-08, 0.988131)
bones/7/position = Vector3(-3.33378e-08, 0.891713, -0.0481735)
bones/8/position = Vector3(-4.69127e-08, 0.891713, -0.0481735)
bones/9/position = Vector3(0.131144, 0.957918, -0.0351291)
bones/9/rotation = Quaternion(0.99246, 0.021149, -0.03082, 0.116734)
bones/11/rotation = Quaternion(0.431926, -0.000700538, 0.000335613, 0.901909)
bones/13/rotation = Quaternion(-0.756771, 0.0119047, 0.0244327, 0.653115)
bones/15/position = Vector3(-0.131144, 0.957918, -0.0351291)
bones/15/rotation = Quaternion(0.972119, -0.00598306, 0.0271822, 0.232829)
bones/17/rotation = Quaternion(0.455236, 0.0033565, -0.00171622, 0.890363)
bones/19/rotation = Quaternion(-0.692227, -0.0282139, -0.000444062, 0.721128)
bones/21/position = Vector3(0.0251286, 1.42307, 0.0408407)
bones/21/rotation = Quaternion(-0.50188, -0.254372, -0.3938, 0.726865)
bones/22/position = Vector3(0.187389, 1.45852, -0.0287656)
bones/22/rotation = Quaternion(0.0608503, -0.157991, 0.973817, -0.151712)
bones/23/rotation = Quaternion(8.26218e-08, -0.00770241, -9.32266e-09, 0.99997)
bones/24/rotation = Quaternion(0.277839, -0.00675304, -0.016611, 0.96046)
bones/46/position = Vector3(-0.0113635, 1.42307, 0.0408407)
bones/46/rotation = Quaternion(-0.527917, 0.201753, 0.357521, 0.743491)
bones/47/position = Vector3(-0.161988, 1.45796, -0.0515398)
bones/47/rotation = Quaternion(-0.101804, -0.132181, 0.97079, 0.172428)
bones/48/rotation = Quaternion(-6.0921e-08, -0.00479825, -1.14939e-07, 0.999989)
bones/49/rotation = Quaternion(0.307483, -0.00462725, 0.0284921, 0.951116)
bones/71/position = Vector3(0.127191, 1.34007, -0.0270224)
bones/71/rotation = Quaternion(1.89158e-08, 0.61876, 0.78558, -4.66279e-08)
bones/72/position = Vector3(-0.113426, 1.34007, -0.0270224)
bones/72/rotation = Quaternion(1.89159e-08, 0.61876, 0.78558, -4.66278e-08)

[node name="AnimationTree" parent="RigPivot/Rig" index="1"]
parameters/MoveSpace/blend_position = -1.06245

[node name="RightHandBone" parent="RigPivot/Rig" index="2"]
transform = Transform3D(-0.962403, -0.27061, -0.0234604, 0.247352, -0.908815, 0.335966, -0.112237, 0.317532, 0.941582, -0.335756, 0.971409, -0.0525984)

[node name="LeftHandBone" parent="RigPivot/Rig" index="3"]
transform = Transform3D(-0.970304, 0.239811, 0.031637, -0.226104, -0.945668, 0.233644, 0.0859485, 0.219553, 0.971807, 0.34438, 0.962243, -0.0641137)

[node name="RayAttatchment" type="BoneAttachment3D" parent="RigPivot/Rig"]
transform = Transform3D(-0.962403, -0.27061, -0.0234604, 0.247352, -0.908815, 0.335966, -0.112237, 0.317532, 0.941582, -0.335756, 0.971409, -0.0525984)
bone_name = "DEF-hand.R"
bone_idx = 51
use_external_skeleton = true
external_skeleton = NodePath("../CharacterRig/GameRig/Skeleton3D")

[node name="AttackRaycast" type="RayCast3D" parent="RigPivot/Rig/RayAttatchment"]
unique_name_in_owner = true
transform = Transform3D(0.991329, -0.123189, -0.0457463, 0.014769, -0.241471, 0.970295, -0.130576, -0.962557, -0.237557, -0.0520863, 0.0866758, 0.00896785)
collision_mask = 8
script = ExtResource("4_x82k4")

[node name="AreaAttack" parent="RigPivot" instance=ExtResource("6_ti7tt")]
transform = Transform3D(1, 0, 0, 0, 1, 0, 0, 0, 1, 0, 0, 1)
collision_mask = 8

[node name="Dash" parent="RigPivot" node_paths=PackedStringArray("player") instance=ExtResource("3_q5n1i")]
transform = Transform3D(1, 0, 0, 0, 1, 0, 0, 0, 1, 0, -0.982573, 0)
player = NodePath("../..")

[node name="UserInterface" parent="." node_paths=PackedStringArray("player") instance=ExtResource("9_478bf")]
player = NodePath("..")

[connection signal="defeat" from="HealthComponent" to="." method="_on_health_component_defeat"]
[connection signal="health_changed" from="HealthComponent" to="UserInterface" method="update_health"]
[connection signal="heavy_attack" from="RigPivot/Rig" to="." method="_on_rig_heavy_attack"]

[editable path="RigPivot/Rig"]
[editable path="RigPivot/Rig/CharacterRig"]
