[gd_scene load_steps=11 format=3 uid="uid://c65uqhkycx504"]

[ext_resource type="Script" path="res://player/player.gd" id="1_kly4h"]
[ext_resource type="Script" path="res://player/smooth_camera_arm.gd" id="2_a14m4"]
[ext_resource type="PackedScene" uid="uid://btnw4i1q6w0nr" path="res://player/health_component.tscn" id="2_c86bi"]
[ext_resource type="Script" path="res://resources/character_stats.gd" id="2_v2v1l"]
[ext_resource type="PackedScene" uid="uid://brkes6oa2ksbn" path="res://player/rig.tscn" id="3_fah68"]
[ext_resource type="PackedScene" uid="uid://ban384vkt3irv" path="res://player/dash.tscn" id="3_q5n1i"]
[ext_resource type="Script" path="res://player/attack_raycast.gd" id="4_x82k4"]
[ext_resource type="PackedScene" uid="uid://be03ygq05v3r8" path="res://player/area_attack.tscn" id="6_ti7tt"]

[sub_resource type="Resource" id="Resource_1axcj"]
script = ExtResource("2_v2v1l")

[sub_resource type="CapsuleShape3D" id="CapsuleShape3D_qvtay"]

[node name="Player" type="CharacterBody3D" groups=["Player"]]
collision_layer = 5
script = ExtResource("1_kly4h")
stats = SubResource("Resource_1axcj")

[node name="HealthComponent" parent="." instance=ExtResource("2_c86bi")]

[node name="CollisionShape3D" type="CollisionShape3D" parent="."]
shape = SubResource("CapsuleShape3D_qvtay")

[node name="SmoothCameraArm" type="SpringArm3D" parent="." node_paths=PackedStringArray("target")]
transform = Transform3D(1, 0, 0, 0, 0.906308, 0.422618, 0, -0.422618, 0.906308, 0, 0, 0)
spring_length = 4.0
script = ExtResource("2_a14m4")
target = NodePath("../HorizontalPivot/VerticalPivot")

[node name="Camera3D" type="Camera3D" parent="SmoothCameraArm"]

[node name="HorizontalPivot" type="Node3D" parent="."]

[node name="VerticalPivot" type="Node3D" parent="HorizontalPivot"]

[node name="RigPivot" type="Node3D" parent="."]

[node name="Rig" parent="RigPivot" instance=ExtResource("3_fah68")]
transform = Transform3D(1, 0, 0, 0, 1, 0, 0, 0, 1, 0, -1, 0)

[node name="Skeleton3D" parent="RigPivot/Rig/CharacterRig/GameRig" index="0"]
bones/0/position = Vector3(5.66083e-15, 0.905583, -0.0481736)
bones/2/rotation = Quaternion(0.00365824, -0.000326943, 0.00321256, 0.999988)
bones/3/rotation = Quaternion(-0.091491, -0.000315051, 0.00852321, 0.995769)
bones/4/rotation = Quaternion(0.272561, 1.54233e-08, 8.91956e-08, 0.962139)
bones/6/rotation = Quaternion(-0.161821, -1.17252e-07, -2.1652e-08, 0.98682)
bones/7/position = Vector3(-2.35788e-08, 0.905583, -0.0481735)
bones/8/position = Vector3(-2.44423e-08, 0.905583, -0.0481735)
bones/9/position = Vector3(0.131144, 0.971787, -0.0351291)
bones/9/rotation = Quaternion(0.993806, 0.0204778, -0.0311371, 0.104691)
bones/11/rotation = Quaternion(0.404636, -0.000697832, 0.000308936, 0.914477)
bones/13/rotation = Quaternion(-0.744882, 0.0118607, 0.0243757, 0.666645)
bones/15/position = Vector3(-0.131144, 0.971787, -0.0351291)
bones/15/rotation = Quaternion(0.97485, -0.00546671, 0.0275411, 0.221087)
bones/17/rotation = Quaternion(0.42992, 0.00320686, -0.00152714, 0.90286)
bones/19/rotation = Quaternion(-0.681928, -0.0281591, -0.00118006, 0.730876)
bones/21/position = Vector3(0.0251286, 1.43537, 0.045511)
bones/21/rotation = Quaternion(-0.478424, -0.264095, -0.410926, 0.729728)
bones/22/position = Vector3(0.190464, 1.47359, -0.0148465)
bones/22/rotation = Quaternion(0.0313391, -0.162512, 0.975213, -0.14686)
bones/23/rotation = Quaternion(-2.03988e-10, -0.0310216, 1.41406e-08, 0.999519)
bones/24/rotation = Quaternion(0.333302, -0.0310224, -0.0207645, 0.942081)
bones/46/position = Vector3(-0.0113635, 1.43537, 0.045511)
bones/46/rotation = Quaternion(-0.485384, 0.248909, 0.400919, 0.73601)
bones/47/position = Vector3(-0.17404, 1.47404, -0.0214167)
bones/47/rotation = Quaternion(-0.0339305, -0.143871, 0.975523, 0.162801)
bones/48/rotation = Quaternion(-1.16639e-07, 0.0415681, -1.22609e-07, 0.999136)
bones/49/rotation = Quaternion(0.371288, 0.0415686, 0.0286417, 0.927144)
bones/71/position = Vector3(0.127191, 1.35545, -0.0251319)
bones/71/rotation = Quaternion(1.99561e-08, 0.603589, 0.797295, -4.60586e-08)
bones/72/position = Vector3(-0.113426, 1.35545, -0.0251319)
bones/72/rotation = Quaternion(1.99561e-08, 0.60359, 0.797295, -4.60585e-08)

[node name="AnimationTree" parent="RigPivot/Rig" index="1"]
parameters/MoveSpace/blend_position = -1.06245

[node name="RightHandBone" parent="RigPivot/Rig" index="2"]
transform = Transform3D(-0.962343, -0.270803, -0.0237121, 0.228719, -0.853747, 0.467764, -0.146916, 0.444726, 0.883535, -0.347856, 1.00176, 0.00908446)

[node name="LeftHandBone" parent="RigPivot/Rig" index="3"]
transform = Transform3D(-0.970513, 0.239108, 0.0305209, -0.213631, -0.911851, 0.350556, 0.111651, 0.333699, 0.936044, 0.347275, 0.986213, -0.0217128)

[node name="RayAttatchment" type="BoneAttachment3D" parent="RigPivot/Rig"]
transform = Transform3D(-0.962343, -0.270803, -0.0237121, 0.228719, -0.853747, 0.467764, -0.146916, 0.444726, 0.883535, -0.347856, 1.00176, 0.00908446)
bone_name = "DEF-hand.R"
bone_idx = 51
use_external_skeleton = true
external_skeleton = NodePath("../CharacterRig/GameRig/Skeleton3D")

[node name="AttackRaycast" type="RayCast3D" parent="RigPivot/Rig/RayAttatchment"]
unique_name_in_owner = true
transform = Transform3D(0.991329, -0.123189, -0.0457463, 0.014769, -0.241471, 0.970295, -0.130576, -0.962557, -0.237557, -0.0520863, 0.0866758, 0.00896785)
collision_mask = 8
script = ExtResource("4_x82k4")

[node name="AreaAttack" parent="RigPivot" instance=ExtResource("6_ti7tt")]
transform = Transform3D(1, 0, 0, 0, 1, 0, 0, 0, 1, 0, 0, 1)
collision_mask = 8

[node name="Dash" parent="RigPivot" node_paths=PackedStringArray("player") instance=ExtResource("3_q5n1i")]
transform = Transform3D(1, 0, 0, 0, 1, 0, 0, 0, 1, 0, -0.982573, 0)
player = NodePath("../..")

[connection signal="defeat" from="HealthComponent" to="." method="_on_health_component_defeat"]
[connection signal="heavy_attack" from="RigPivot/Rig" to="." method="_on_rig_heavy_attack"]

[editable path="RigPivot/Rig"]
[editable path="RigPivot/Rig/CharacterRig"]
